MutationType	comp.1	comp.2	comp.3	comp.4	comp.5	comp.6	comp.7	comp.8	comp.9	comp.10	comp.11	comp.12	comp.13	comp.14
A[C>A]A	0.00549774119369268	0.00409638603846345	0.00162552115364156	0	0.0161091819657508	0.0114122106761921	0.000555971712846379	0.0107484906064715	0.00561358321525641	0.00261019468412914	0	0.0325599026513333	0.032081704786299	0.00103082677204702
A[C>A]C	0.000188980391882141	0.00194808230528553	0	0.000192872183619741	0.0139064008563398	0.0130683675557475	0	0.00697919529347085	0	0	0	0.00679788044527535	0.0316302855783227	0
A[C>A]G	0.00906250221034459	0.00107198213562801	0	0	0.024894975705651	0.00173156810584929	2.08123520001758e-05	0.00316573744530748	0	0	0	0	0.0360647916906522	0.000458221863366341
A[C>A]T	6.36372075947361e-06	0	0.00253355409633261	0.0129160148746141	0.0104195869579808	0.0150645583564531	0	0.00190159037486086	0.000313499642852658	0	0	0.0102456610100506	0.0295435022453006	0.0210993416256822
A[C>G]A	0.00526236190579006	0	0	0	0	0.00168323273721644	0	0.00241485392118022	0.0595572951233666	0	0	0	0	0
A[C>G]C	0	0.00203576907948549	0	0	0	0.000290485593352917	0.0010269179181812	0.00294406274066411	0.0525109901208329	0	0	0	0	0
A[C>G]G	0.00462050367654029	0	0	0	0	0	0.000808799734082962	0.00280492969399037	0.0544567537999775	0	0	0	0	0
A[C>G]T	0	0	0	0	0	0.00319566880579733	0.00273104048443977	0.00138733739365023	0.0596992713375625	0	0	0	0	0
A[C>T]A	0.037473599158853	0	0.00268022358088058	0.00088751921702458	0	0.00198391092568995	0	0	0.0067035557642103	0.00795250280280376	0	0	0.000165906069876734	0
A[C>T]C	0.0267984800245581	0.00351820709563347	0	0	0	0	0.00734373200242515	0	0.00758226946954824	6.9920120975019e-05	0	0	0	0.00743992776133409
A[C>T]G	0.0401956149712825	0.00222167776004697	0.00478906446253884	0	0	0	0.00206449301205844	0	0.00319461806124642	0.0107355727458061	0	0	0.00226767227347652	0
A[C>T]T	0.0308398963807523	0	0	0.010349277652219	0	0.00652568312623894	0	0.00170318829985443	0.00979683584220344	0.00795625559208741	0	0	0	0
A[T>A]A	0.00321670729250825	0	0	0.00484065213178342	0.0229732557408827	0.00130023687443382	0.00715090567270207	0.0132920560386532	0	0.000664824284571313	0	0.0489810328972104	0.00574877046493626	0
A[T>A]C	0.00212203824595224	0.00408316934062587	0.000203125041555086	0	0.0199477987005224	0	0.00901797850104586	0.00321029847278105	0	0.000269046039356671	0	0	0	0
A[T>A]G	0.00329409515720458	0	0	0	0.0306445634422333	0	0.00703505204073716	0	0	0	0	0	0.00592999575481915	0
A[T>A]T	0.000262196043131733	0.00491234493523652	0.00707446799278635	0	0.0209865795016954	0.00127596987306467	0.00746293901567565	0.00674392005219595	0.0014043539124691	0	0	0.0887538770293684	0.000783819445962773	0
A[T>C]A	0.00986259287163065	0	0.0552863428778418	0.00152707531257302	0.0100849539044587	0	0	0.00615495486415358	0.00118236795438928	0.0280351654790262	0	0	0.00415599121905946	0
A[T>C]C	0.00937660082169092	0	0.059093586098398	0	0.000114712663394039	0	0.00365238011998344	0	0	0.0128683062952229	0	0	0.00366444194291226	0
A[T>C]G	0.00651706865828275	0.00726509935483176	0.013357152319281	0	0	0	3.26627964597017e-05	0	0	0.0921660678037102	0	0	0.00662537164720244	0
A[T>C]T	0.0104235690170428	0.000480670627028653	0.0426598504493596	0.0138564817804574	0.00474019020937297	0.00127533892253192	0.00397875791779546	0	0	0.0108530380751268	0	0	0	0.0162311903727434
A[T>G]A	0.0020400032635745	0.00445515407045437	0	0	0.0160597455182681	0.00826493892610072	0.0155615535182175	0.00196750496548924	0.00240236010137671	0	0	0	0.0283623444356795	0.0146477730028093
A[T>G]C	0	0.00397060980142431	0.00611961875950559	0.00745200786809731	0.0089993773470575	0	0.0133286117801124	0.00566902445984598	0	0	0	0	0	0.00320676450078863
A[T>G]G	0	0.00132975185524053	0.00446292477312914	0.00601253049450846	0.0142910956445789	0.000123473872454672	0.0142954451350467	3.10343810353276e-05	0.00979152448148202	0.000152533501058242	0	0	0.00122215374779953	0.000984969786175776
A[T>G]T	0	0.00404222075881071	0.00160315673605219	0.00338762729179436	0.0150822631739893	0.00191904376201228	0.013111815292896	0.0117404682345418	0.00161254516062206	0.000743388129061464	0	0	0	0
C[C>A]A	0.00589779262318283	0.00485675036771109	0	0.000935292893743336	0.0150293857164279	0.00630837003105802	0.00240522195296574	0.0112316552863286	0	0	0	0	0.0244923162819138	0
C[C>A]C	0.00469135279691235	0.00579531902005245	0	0.000462706053612573	0.00938678669479122	0	0.00439293447837586	0.0162247636016323	0	8.72641286498042e-05	0.00397182522254496	0	0.00342670098362561	0.0128114300583353
C[C>A]G	0.00367243655531118	0.00450446811090248	0.00105800402690625	0.000604688465624972	0.0213695834301788	0	0.0040667679747518	0.00594707809651031	0.00124086993406323	0	0.00850045409530703	0	0.0186183099683549	0.0262418463433529
C[C>A]T	0	0.00819948590973368	0.00606727363306945	0.00662406104810514	0.0158074558878489	0.00097489518740022	0.00367900274539554	0	0.00400787806750453	0.00618754950245543	0.00151040116560764	0	0.00209597573941317	0.00918538002619026
C[C>G]A	0.00129167707177519	0	0.000260999620790382	0	0.012607545789716	0	0	0	0.0148864480816779	0.000151466505457419	0.0830255624795254	0	0.013186776554609	0
C[C>G]C	0.000655427070754968	0.000519745038338709	0	0	0.0070399389040979	0.00147763383545276	0.00401907840232998	0	0.00598076171178104	0.00211901689465957	0.0655077290030039	0	0.000908346211974402	0.00649722157849879
C[C>G]G	0.000350909795899018	0	0.00668689326989034	0.0052639097228561	0.00181600552131048	0.000362996216280123	0	0.000900715301483365	0.00878900883316249	0	0.103926642963482	0	0.0134575291354049	0.00459787343187627
C[C>G]T	0	0.00170247080788176	0	0	0.0120222763571039	0.00872470991483755	0.00196301655812946	0	0.00708940956215437	0	0.0692057598853753	0	0	0.00307413235328689
C[C>T]A	0.0283036649278597	0.00741092744448014	0	0	0.00127197050301999	0	0.00406826901809958	0.000178978336611057	0	0	0	0	0	0.00682452632826342
C[C>T]C	0.0129133523700148	0.00939991609520477	0	0	0.00262994021638855	0.00848443471583675	0.00809510486090532	0	0	0.00047374889361322	0	0	0	0.0380645920871855
C[C>T]G	0.0341023505805518	0.00927333523317064	0	0	0	0	0.00306399423975899	0	0	0	0.00500539763009411	0	0.00841290507857902	0.0100571068264354
C[C>T]T	0.0251085712794152	0.00646263292837974	0	0.00877480292475057	0.00628548838206154	0.00522598952102426	0.00107353901743283	0	0	0	0	0	0	0
C[T>A]A	0.00577098319713405	0	0	0	0.0144263852483415	0	0.00821736417642959	0.010935959483371	0	0	0	0	0	0
C[T>A]C	0.00384329970257778	0.00780771199493	0	0	0.00915773596583445	0	0.0096554314419913	0.00379006994040072	0	0	0.0118005138294	0	0	0.000758336835766923
C[T>A]G	0.00379477635055937	0.00134405499070442	0.00285645308728985	0	0.025956570898279	0	0.00957081518419097	0	0	0	0.00743813020608397	0	0	0
C[T>A]T	0.00246009394376319	0.0114958241231887	0.00475608465989187	0.00279596682716093	0.00775389111027946	0	0.01298364275413	0.00481233734670891	0	0.00157095774000243	0	0	0	0.00043548964882595
C[T>C]A	0	0.0045723734383233	0.0614774161083387	0.000134517586393672	0.000933657504074818	0	0.00181214798110874	0.00918136265658175	0.00208985200851013	0.00887418370230941	0	0	0.000622526683072064	0
C[T>C]C	0.00405717763668233	0.0020597925545558	0.0630512136135509	0	0	0	0.00634380509270643	0	0	0.000191921997149293	0	0	0.00168509319115729	0
C[T>C]G	0	0.00521022001563724	0.0157485475197793	0	0	0	0	0	0.000149626990171858	0.0854560370622127	0	0	0	0
C[T>C]T	0.00524234227206109	0.00689245422463952	0.0577283117470407	0	0	0	0.00981855204715459	0	0	0	0	0	0	0.0026393361157602
C[T>G]A	0.000844346259499656	0.00507079057725148	0	0	0.00295734006429311	0	0.00712676776199886	0	0.00555733474516636	0.000217012992713877	0.0216401361881292	0	0.0125193752061801	0.00954182847995337
C[T>G]C	0	0.00698163005502334	0	0	0	0	0.0100285424949268	0	0	0.00879820916479259	0.027280005692907	0	0	0.0115516793694628
C[T>G]G	0.000598785676562505	0.00205908433085643	0	0.00499723325359063	0.000440146544075919	0.000100394881832582	0.0069625650679808	0.00568151985711113	0	0.000405146691298305	0.0549861646634392	0	0.00518544433608233	0.00960906080789163
C[T>G]T	0.000614967963780307	0.00713092478881772	0.00261194226256967	0.000947753408459435	0.00702295239148173	0	0.00955951288675892	0	0.00129451775855726	0	0.0234087495491092	0	0	0
G[C>A]A	0.00503142652260589	0.00305826640895121	0	0	0.0147544915301142	0	0	0.00224762738558255	0.0125172122814911	0	0	0	0.0302256035961541	0
G[C>A]C	0	0	0	0.001606429490094	0.00683324593938294	0.00329101228580123	5.45876869944652e-06	0.00555227075703877	0	0	0	0	0.0677576664344416	0
G[C>A]G	0.00113105080260039	0	0.00261685893057392	0.00210034538886449	0.0246985831373413	0	0	0	0.00101626113640198	0	0	0	0.0485232520153177	0.0182673711101536
G[C>A]T	0	0.000934897965179315	0.00954934328609464	0.00102541506814061	0.00802034907612154	0.00328743346937133	0	0	0.00148827310856709	0	0	0	0.0496797687815546	0.0101866828801327
G[C>G]A	0.00708436059581845	0.000867313069286347	0	0	0	0	0.000385544846262982	0.00116299179401873	0.0465832494645793	0	0	0	0.0027639091166503	0
G[C>G]C	0.000534296809423842	0.00463630330886347	0	0	0	0	0.00453219489445344	0	0.03024968134516	0.00574448802565115	0.00401506880974449	0	0.0125455608325526	0.013285983397511
G[C>G]G	0.00886910868821642	0.0029904819438134	0.00343080161157725	0.000198963104235648	0	0	0.00175353494340463	0	0.0319037212859352	0	0.00717302064129159	0	0.00379118213083685	0.000813893686847488
G[C>G]T	0	0.00391045433319708	0	6.70617651889185e-05	0	0	0.00363046525934899	0	0.0478220471082037	0	0	0	0	0.000732033111690815
G[C>T]A	0.030045849471259	0.00284336281796815	0	0	0	0	0.00791720981363862	0	0	0	0	0	0.00424776352099537	0.000956441160925386
G[C>T]C	0.0192405718500102	0.00359575026595113	0	0	0	0	0.0118222352699494	0	0	0	0	0	0.00121032926740851	0.0159828298479815
G[C>T]G	0.0306658966541281	0.00568188850532685	0	0	0	0	0.00543239971477278	0	0	0	0	0	0.000736475298635341	0.0015441368083362
G[C>T]T	0.0295560523311641	0.00116822518426947	0	0.00435988611958205	0	0.000860679802239998	0.00754739568534873	0	0.000271063209303941	0.000695118454952045	0	0	0	0
G[T>A]A	0.00123294824258053	0.000866218530377415	0	5.53287680164757e-05	0.0235550167966781	0	0.00578510541615454	0.00505068015847333	0.00322375075711161	0	0	0	0.0162371603149754	0
G[T>A]C	0.00190060738193782	0.00557762942889151	0	0	0.00706885312549588	0	0.00856532111400266	0.00666104092676102	0	0.00267285311025281	0.000334230708486087	0	0.0116492150518918	0.007982332832451
G[T>A]G	0.00189037138750667	0.000854102168525706	0	0.000102523915320389	0.0317125871223577	0.000494359369666612	0.00646489986317136	0	0	0	0	0	0.00361450109198201	0
G[T>A]T	0.00122155691316488	0.0193651271993764	0	0	0.000730176303974467	0	0.0136594528171504	0.000649433642039815	0	0.00134881576022394	0	0	0.00240044910840095	0.000735985560429145
G[T>C]A	0.00457617417702138	0	0.0456846078530325	0.00272981522049274	0.00840828938982924	0	0.00348783598600877	0.013670055455426	0	0.00465101932903053	0	0	0	0
G[T>C]C	0.0093963262763362	0	0.0401415739501736	0	0.00122471779725204	0	0.0136823494453883	0.000124305342635233	0	0	0	0	0	0
G[T>C]G	0	0.00195079024483869	0.00743434650563801	0	0	0.000168059453102151	0.00136996521097475	0.000859527716944193	0.00188987588535655	0.0837686187859766	0	0	0	0
G[T>C]T	0.0155084112380225	0	0.0320081237681934	0	0.00221515667111429	0	0.0146316422219854	0	0	0	0	0	0	0
G[T>G]A	0.000600633957878581	0.00521434449833912	0	0.00291648702964115	0.017741223614514	0	0.0103638749120819	0	0.0184940299036006	0	0	0	0.00825510823461964	0.00545047927735691
G[T>G]C	0	0.00987996898115845	0	0.0117630587452138	0.00194586033000289	0	0.0149155789543571	0.00313219750359618	0.00063434273382919	0.00511212189592418	0.000341309242642833	0	0	0.00710438136412784
G[T>G]G	0	0.00155003538842998	0.00544226977634148	0.00718050320358359	0.0145973504921325	0	0.00991997538778442	0	0.0147149258966291	0.000402005999617235	0.000896239885856385	0	0	0.00250317426943811
G[T>G]T	0	0.00788276258658196	0.00539473420903029	0.0123296088582395	0.0110719336792292	0.00126484401882602	0.0155107059237819	0	0	0.00671707819904829	0	0	0	0.00730929678630221
T[C>A]A	0.00398884394352878	0.00104297177479901	0	0	0.0229550835465468	0.00707200829411847	8.27349367321264e-05	0.00401269174732737	0.00720480253173243	4.13353592178273e-06	0	0	0.0097784985297808	0
T[C>A]C	0.000828291069269547	0.000775275672430331	0.000247586878765983	0	0.0211564815845616	0.00361485644747243	0	0.0093219539812505	0	0	0	0	0	0.00222140791696586
T[C>A]G	0.00281626357784311	0	0	0	0.0269680329897904	0	0.00160365436977713	0.00174241026564872	0.000300843387190479	0	0	0	0.000130207370356807	0.0215588878482722
T[C>A]T	0	0.00191517024010867	0.00470665421988454	0	0.0240353540014644	0.0142472001073152	0	0	0	0.00042777988917498	3.26581379704916e-05	0	0	0
T[C>G]A	0.00373651711071048	0	0	0	0.00480034852235546	0.00315246423439729	0	0.00332807530605191	0.047196750501385	0	0	0	0	0
T[C>G]C	0.00123777920525787	0.0031215892442279	0.00308841127991826	0	0.00897610460693257	0	0.00206849359435269	0	0.0316767809251439	0.000473757988168556	0	0	0	0.000370468027006901
T[C>G]G	0.0011298902131511	0.00101348430912376	0.00792795213052893	0	0.00811931188237724	0	0.00153795362883512	0	0.0389431003813648	0.000306062377586882	0	0	0	0
T[C>G]T	0	0.00457720299436036	0.000839345354609616	0.00102137065173427	0.00565418275764078	0.0035798611083453	0.00304554867337448	0	0.0464584933473453	0	0	0	0	0
T[C>T]A	0.0286089616366752	0.00619003102074718	0.000740405273661908	0	0.00678265326754496	0.000358142007742062	0.00136423240312276	0.00432850150639563	0.000107925850424887	0	0	0	0	0.000610029198400044
T[C>T]C	0.0191552436461255	0.0086851167876911	0.000635396796223363	0	0.00607137035006499	0.000116432679562228	0.00649752455241708	0	0	0	0	0	0	0.028849733996836
T[C>T]G	0.0294730466541023	0.00953947619847807	0	0	0.00026408759669851	0	0.00232905343297576	0	0	0	0	0	0	0.00413054658976764
T[C>T]T	0.0270867161798898	0.00417656725791337	0	0.0127747564000729	0.00372907948118432	0.00663087798663439	0	0.00117653001675008	0.000877999157948063	0	0	0	0	0
T[T>A]A	0.0017736215012501	0	0	0.0227690608583484	0.00303506784060786	0	0	0.0212539681411889	0	0	0	0.312661645966762	0	0
T[T>A]C	0.000914058671786666	0.00597984106903145	0	0	0.0161748686293824	0.000211717285390172	0.00611322087368912	0.00111126082469027	0	0	0	0	0	0.00198327921559239
T[T>A]G	0.00140656335500424	8.37130342897934e-05	0	0	0.0312863744324209	0	0.00561681287568136	0	0	0	0	0	0	0
T[T>A]T	0	0.0107129322352556	0	0	0.0152680238960176	0	0.00646832788382746	0.0100563983225831	0	0.00192406799287706	0	0	0	0
T[T>C]A	0	0.0103239143031337	0.0527914369541731	0	0	0	0	0.0115827612266436	0.000231721285011985	0.00735917200904991	0	0	0	0
T[T>C]C	0.00109809756462481	0.00613084667837052	0.0699906948772763	0	0	0	0.00196427650050842	0	0.00072054683326397	0.000893856843410508	0	0	0.00103035551952615	0.000779250337846591
T[T>C]G	0	0.00509299271713931	0.0215639948095693	0	0	0.000405147953769788	0	0	0	0.0777027768199359	0	0	0.00460894640540019	0
T[T>C]T	0	0.00694910591453557	0.0636106579231492	0	0	0	0.00177631524489463	0.00541846582675017	0.000769148314395928	0	0	0	0	0.00213092478447063
T[T>G]A	0.0025278277640679	0.00252207652342623	0	0	0.0199498136412392	0.000795427634639936	0.0120882644032848	0	0.00962067151792595	0	0	0	0.0189830520368728	0.0206930038867009
T[T>G]C	0	0.00798993558143356	0.0032054196906982	0.00612161892394999	0.00654342353727072	0.00122291166496416	0.018298120695932	0	0	0.00497460521224364	0	0	0.000830932327857206	0.0102169033519812
T[T>G]G	0	0.00155293632936817	0.00485356831177024	0.00821886321698853	0.0162419742333844	0	0.0156081233344326	0	0.00479639712974791	0.00214886518623466	0	0	0	0.000966572988994673
T[T>G]T	0	0.00907327160409858	0	0	0.020921738013301	0.00177150350167548	0.0140682510032136	0.00388672907764684	0.00530588897047607	0.0030634717564702	0	0	0	0.00378712612857256
